 <pre>

 Contingency table for Low clouds (octas)
 Selection: ALL    631 stations
Period: 20220501-20220520
Used {00,03,...,21} + 00 01 ... 09
 Limits    1.00000000       2.00000000       3.00000000       4.00000000       5.00000000       6.00000000       7.00000000    
 Each class is data <= limit, the very last > last limit
 Total number of values      555254
                                              OBSERVATION
                                 264004    18781    14357    10115    10294     9128    13865    16141 |    356685
                                   7613     1589     1633     1231     1485     1443     2310     2649 |     19953
                                   5093     1198     1335     1046     1105     1201     1928     2119 |     15025
               mnwc_preop_teho     4136     1060     1175      995     1108     1062     1845     2003 |     13384
                                   3678      954     1146      889     1075     1102     1899     2112 |     12855
                                   3757     1057     1109      897     1106     1133     2215     2454 |     13728
                                   4629     1241     1436     1191     1480     1494     3075     4048 |     18594
                                  13935     5471     6179     5040     6712     7828    19004    40861 |    105030

                    SUM          306845    31351    28370    21404    24365    24391    46141    72387 |    555254
                                              OBSERVATION
                                 247035    15324    11358     7776     7896     6836     9807    11820 |    317852
                                  12814     2336     2126     1661     1773     1645     2724     3131 |     28210
                                   9010     1714     1754     1309     1527     1502     2391     2724 |     21931
               mnwc_prod_voima     7341     1584     1732     1291     1412     1448     2359     2779 |     19946
                                   6040     1540     1628     1335     1509     1492     2524     2901 |     18969
                                   5789     1569     1697     1405     1683     1676     2998     3327 |     20144
                                   6378     1889     2075     1661     2039     2174     4394     5576 |     26186
                                  12438     5395     6000     4966     6526     7618    18944    40129 |    102016

                    SUM          306845    31351    28370    21404    24365    24391    46141    72387 |    555254
                                              OBSERVATION
                                 246318    15301    11247     7732     7863     6768     9681    11670 |    316580
                                  12769     2276     2160     1639     1754     1670     2724     3110 |     28102
                                   9151     1747     1695     1307     1510     1512     2304     2674 |     21900
             mnwc_prod_stratus     7469     1585     1727     1314     1399     1456     2365     2796 |     20111
                                   6071     1535     1644     1285     1528     1467     2536     2857 |     18923
                                   5863     1607     1714     1444     1651     1580     2982     3378 |     20219
                                   6543     1881     2081     1657     2065     2204     4367     5424 |     26222
                                  12661     5419     6102     5026     6595     7734    19182    40478 |    103197

                    SUM          306845    31351    28370    21404    24365    24391    46141    72387 |    555254
                                              OBSERVATION
                                 240271    14828    10726     7297     7318     6379     8907    10353 |    306079
                                  13944     2353     2198     1717     1688     1786     2653     2936 |     29275
                                   9755     1832     1811     1408     1580     1504     2370     2611 |     22871
                     meps_prod     8173     1651     1720     1349     1563     1548     2483     2734 |     21221
                                   6841     1576     1708     1379     1538     1510     2637     2767 |     19956
                                   6088     1620     1650     1396     1664     1628     2955     3373 |     20374
                                   7122     1888     2190     1782     2121     2216     4443     5561 |     27323
                                  14651     5603     6367     5076     6893     7820    19693    42052 |    108155

                    SUM          306845    31351    28370    21404    24365    24391    46141    72387 |    555254

