 <pre>

 Contingency table for Cloud cover (octas)
 Selection: ALL    404 stations
Period: 20220501-20220520
Used {00,03,...,21} + 00 01 ... 09
 Limits   0.500000000       1.50000000       2.50000000       3.50000000       4.50000000       5.50000000       6.50000000       7.50000000    
 Each class is data <= limit, the very last > last limit
 Total number of values      358522
                                                       OBSERVATION
                                  35739     9694     8466     5285     3480     3839     4289     4167     5788 |     80747
                                   5127     1872     2164     1814     1348     1917     2307     2552     3827 |     22928
                                   3080     1155     1400     1246     1031     1299     1809     2142     3060 |     16222
                                   2573      929     1127     1103      944     1245     1784     2064     2939 |     14708
               mnwc_preop_teho     2302      876      918     1080      875     1225     1803     2289     3299 |     14667
                                   2085      786      990      995      781     1261     1941     2443     4008 |     15290
                                   2314      917      966     1112      989     1298     2330     3324     5481 |     18731
                                   3079     1216     1296     1459     1233     1947     3470     5639    10065 |     29404
                                   6507     3136     2945     3370     2920     5498    11655    29916    79878 |    145825

                    SUM           62806    20581    20272    17464    13601    19529    31388    54536   118345 |    358522
                                                       OBSERVATION
                                  32705     8315     6757     3890     2506     2547     2555     2388     3268 |     64931
                                   6586     2216     2589     2115     1341     1791     2179     2235     3057 |     24109
                                   3713     1377     1621     1372     1110     1506     1817     2080     2772 |     17368
                                   2908     1176     1345     1228     1031     1279     1827     2071     2969 |     15834
               mnwc_prod_voima     2676      983     1210     1286     1017     1397     1945     2361     3385 |     16260
                                   2425      971     1080     1196     1032     1547     2229     2849     4295 |     17624
                                   2560     1062     1202     1331     1222     1712     2813     3710     6210 |     21822
                                   3316     1443     1566     1674     1447     2224     4224     6549    11359 |     33802
                                   5917     3038     2902     3372     2895     5526    11799    30293    81030 |    146772

                    SUM           62806    20581    20272    17464    13601    19529    31388    54536   118345 |    358522
                                                       OBSERVATION
                                  32533     8291     6722     3882     2486     2507     2545     2346     3252 |     64564
                                   6584     2224     2604     2085     1359     1815     2218     2229     3060 |     24178
                                   3708     1362     1659     1358     1099     1497     1754     2093     2715 |     17245
                                   2975     1126     1320     1231     1044     1272     1810     2018     2923 |     15719
             mnwc_prod_stratus     2697     1014     1206     1285     1043     1414     1963     2395     3461 |     16478
                                   2373     1004     1086     1232     1020     1505     2230     2812     4207 |     17469
                                   2588     1029     1206     1293     1201     1717     2809     3791     6191 |     21825
                                   3339     1443     1543     1686     1403     2263     4178     6389    11126 |     33370
                                   6009     3088     2926     3412     2946     5539    11881    30463    81410 |    147674

                    SUM           62806    20581    20272    17464    13601    19529    31388    54536   118345 |    358522
                                                       OBSERVATION
                                  30605     7774     6324     3593     2305     2291     2477     2221     3088 |     60678
                                   6552     2266     2518     1988     1328     1800     2142     2171     2912 |     23677
                                   3819     1367     1679     1360     1076     1476     1735     2006     2781 |     17299
                                   3053     1118     1337     1213      994     1331     1783     2050     2917 |     15796
                     meps_prod     2761     1124     1231     1313     1014     1446     1935     2297     3454 |     16575
                                   2598     1056     1196     1306     1062     1425     2308     2751     4208 |     17910
                                   2815     1044     1175     1345     1214     1633     2655     3699     5860 |     21440
                                   3727     1461     1654     1678     1476     2343     4237     6482    11195 |     34253
                                   6876     3371     3158     3668     3132     5784    12116    30859    81930 |    150894

                    SUM           62806    20581    20272    17464    13601    19529    31388    54536   118345 |    358522

