 <pre>

 Contingency table for Cloud base (m)
 Selection: ALL    650 stations
Period: 20220501-20220520
Used {00,03,...,21} + 00 01 ... 09
 Limits    70.0000000       150.000000       300.000000       600.000000       1000.00000       1500.00000       2500.00000       5000.00000    
 Each class is data <= limit, the very last > last limit
 Total number of values      532936
                                                       OBSERVATION
                                   3013     1443      799      492      338      172      370      525     1176 |      8328
                                    654     1406     1703      710      332      168      131      142      278 |      5524
                                    376     1494     4227     2878     1096      459      282      262      334 |     11408
                                    321      735     4610     9150     4834     1439      804      510      517 |     22920
               mnwc_preop_teho      294      432     1917     5341    10435     4591     1884      989      782 |     26665
                                    336      500     1445     3112     9038    16173     9827     2704     2383 |     45518
                                    343      522     1155     2780     7256    11795    32337    10023     5911 |     72122
                                    146      189      638     1174     2779     3564    10114    13360     1607 |     33571
                                   1408     1276     3520     9321    21403    27775    52084    45590   144503 |    306880

                    SUM            6891     7997    20014    34958    57511    66136   107833    74105   157491 |    532936
                                                       OBSERVATION
                                   2767     1287      708      391      277      108      219      403      831 |      6991
                                    588     1291     1394      613      265       96       85      102      190 |      4624
                                    352     1422     3882     2520      888      290      157      200      214 |      9925
                                    336      809     4963     9621     5083     1369      687      483      500 |     23851
               mnwc_prod_voima      333      518     2183     5852    12535     5827     2170     1145     1035 |     31598
                                    387      564     1603     3273     9234    18943    12032     3291     3237 |     52564
                                    436      620     1342     3043     7667    12200    36997    12630     7607 |     82542
                                    165      202      587     1147     2828     3551    10677    15762     2002 |     36921
                                   1527     1284     3352     8498    18734    23752    44809    40089   141875 |    283920

                    SUM            6891     7997    20014    34958    57511    66136   107833    74105   157491 |    532936
                                                       OBSERVATION
                                   2787     1284      704      400      290      111      221      407      809 |      7013
                                    595     1315     1392      610      263       95       91      103      192 |      4656
                                    357     1408     3906     2545      896      305      168      212      224 |     10021
                                    330      825     5044     9641     5134     1375      701      483      506 |     24039
             mnwc_prod_stratus      333      509     2121     5828    12567     5869     2173     1138     1029 |     31567
                                    378      578     1626     3290     9242    19068    12271     3308     3330 |     53091
                                    433      616     1339     3011     7664    12179    37167    12761     7645 |     82815
                                    164      199      588     1175     2786     3550    10681    15861     2019 |     37023
                                   1514     1263     3294     8458    18669    23584    44360    39832   141737 |    282711

                    SUM            6891     7997    20014    34958    57511    66136   107833    74105   157491 |    532936
                                                       OBSERVATION
                                   3165     1598      920      467      358      200      367      548     1098 |      8721
                                    596     1487     1666      704      317      171      164      153      287 |      5545
                                    335     1436     4172     2734     1039      461      320      251      334 |     11082
                                    296      756     5015    10091     5432     1595      862      631      644 |     25322
                     meps_prod      314      419     2031     5757    12982     6233     2585     1313     1171 |     32805
                                    373      497     1476     3254     9218    19259    13153     3574     3543 |     54347
                                    299      468     1119     2768     7297    11447    36552    12930     7905 |     80785
                                    145      165      539     1072     2627     3208     9909    15656     2040 |     35361
                                   1368     1171     3076     8111    18241    23562    43921    39049   140469 |    278968

                    SUM            6891     7997    20014    34958    57511    66136   107833    74105   157491 |    532936

